E9B10_1	E9B10_2	E9B10_3	E9B11_1	E9B11_2	E9B11_3	E9B12a_1	E9B12a_2	E9B12a_3	E9B12b_1	E9B12c_1	E9B13a_1	E9B13a_2	E9B13a_3	E9B13b_1	E9B13b_2	E9B13b_3	E9B13c_1	E9B13c_3	E9B14a_1	E9B14a_2	E9B14a_3	E9B14b_1	E9B14b_2	E9B14b_3	E9B14c_1	E9B14c_2	E9B14c_3	E9B1_1	E9B1_2	E9B3_1	E9B3_2	E9B3_3	E9B4_1	E9B4_2	E9B4_3	E9B5a_1	E9B5a_2	E9B5a_3	E9B5b_1	E9B5b_2	E9B5b_3	E9B6_1	E9B6_2	E9B7_1	E9B7_2	E9B8_1	E9B8_2	E9B8_3	E9B9_1	E9B9_2	E9B9_3	E9H1a_1	E9H1b_2	E9H1b_3	E9H1c_1	E9H1c_2	E9H1c_3	E9H2_1	E9H2_2	E9H2_3	E9L1_1	E9L1_2	E9L2_1	E9L2_2	E9L2_3	E9L4_1	E9L4_2	E9L5_1	E9L6_1	E9L6_2	E9N2_2	E9N3_1	E9N3_2	E9N3_3	E9P10_1	E9P10_2	E9P10_3	E9P1_1	E9P1_2	E9P1_3	E9P2_1	E9P2_2	E9P2_3	E9P4_2	E9P5_1	E9P5_2	E9P5_3	E9P6_2	E9P7_1	E9P8_1	E9P8_2	E9P8_3	E9P9_1	E9P9_2	E9P9_3	E9X1_1	E9X1_3	E9X2_1	E9X2_3	E9X3_1	E9X3_2	E9X3_3	E9X4_1	E9X4_2	E9X4_3	E9X5_1	E9X5_2	E9X5_3
805	738	298	1225	2903	212	766	963	749	208	895	2321	2683	777	430	2000	273	508	259	585	384	334	1968	3202	673	1350	1618	451	1581	1792	422	903	287	308	938	324	996	2880	299	823	881	323	259	266	2525	1189	766	1570	278	787	819	341	596	1344	414	333	513	213	1189	1857	364	2778	1193	1472	687	184	477	452	327	313	1361	475	1029	2884	394	848	593	291	816	909	396	1143	978	423	1390	1183	643	250	466	1019	2064	1732	451	940	736	313	663	338	583	308	1560	1379	470	545	1145	245	690	1724	202
1513	1523	571	1867	1679	403	1408	1654	696	367	866	3314	3044	760	890	3581	537	1023	573	1094	714	654	2643	3569	1013	2175	2970	826	2592	2012	1011	1611	541	587	1783	624	2051	2728	485	1588	1789	642	281	449	3292	1994	1679	2083	493	1660	1596	645	945	2014	723	582	755	472	1627	2655	620	3124	1576	1882	1230	355	849	863	694	503	2094	586	1467	3432	615	1559	1133	710	1539	1583	810	2167	2001	836	1541	1865	1355	486	1115	1990	3108	2376	492	1368	1565	578	1310	639	1127	665	2151	2323	416	1172	1759	405	1564	2357	417
2524	2713	1186	2797	2402	714	2741	2335	788	506	1366	4175	3940	1030	1569	5266	1062	2155	1080	2117	1437	1206	3682	4908	1786	3681	4556	1490	3921	3098	1751	2948	1052	987	3386	1126	2209	4329	935	2702	3301	1192	568	718	4510	2836	3166	3486	982	3108	2987	1110	1673	3602	1347	1062	1353	792	2242	3988	909	3975	1835	4037	2263	648	1433	1670	1015	863	3355	648	2228	4723	881	3258	2051	1267	2943	2994	1587	4178	3498	1648	2586	3187	2556	977	1526	3846	3584	3335	533	2377	2701	1181	2328	1253	2112	1226	2104	3521	636	2035	2996	753	2474	4204	767
4469	4851	2103	4500	4560	1330	5142	4215	1071	870	1955	5412	5118	1186	2972	7722	2134	3825	2127	3380	2325	2286	6316	7086	2671	6322	8108	2563	6230	3649	3368	5327	1765	1775	6025	1971	3351	4120	1577	4896	5872	2259	835	1261	5498	4463	5722	5742	1911	5452	5151	1986	2828	6001	2635	1880	2558	1434	3444	5996	1459	5021	2526	5934	4224	1064	2559	3177	2119	1563	4867	987	3183	5888	1078	5740	3918	2038	5608	5416	2560	7559	6172	2996	3463	5020	4819	1870	2652	6725	5846	3876	692	4111	4794	2119	4276	2068	4094	2253	2874	5949	1119	3706	4740	1495	4512	6962	1415
7321	7461	3617	6099	7312	2133	8598	6336	1673	1088	3080	5201	5806	1391	5238	9652	3499	6061	3395	5378	3525	3548	7940	11078	4519	11260	12000	4260	7683	4871	5560	8482	2780	2853	9510	3175	6086	6775	2519	8259	9172	3808	1291	1845	6845	5998	8975	9134	3079	9198	8169	3134	4667	9156	4194	3488	4344	2465	4941	7694	2034	6393	3843	9403	7046	1770	4591	5169	2889	2733	6926	1425	4094	7388	1589	9206	6773	3246	8806	8853	4268	12842	10454	4736	5267	7870	7186	3154	4500	10544	7061	5638	883	6552	7400	3585	7261	3190	6631	3472	3452	7357	1867	6112	8084	2542	6347	11007	2432
13159	13000	6679	9810	12748	3773	14422	10545	2589	1781	4861	5805	6087	1632	9593	16269	5859	11055	5513	7971	5535	5280	9583	13598	5958	15216	15358	5693	10459	6279	10770	14877	5106	4978	16449	5595	8161	10717	4459	14222	15938	6911	2172	3215	9291	9367	16015	14708	5251	14742	14055	5392	7524	15776	7444	6268	7859	4495	7128	11420	3118	9199	5661	15126	11740	3095	7598	8982	5450	4489	10728	1301	4900	7568	2009	15603	12323	5868	14957	14546	7383	21306	17138	8058	8441	13206	12448	5151	8076	17456	10143	7312	1095	11444	13191	6327	13098	5873	12165	6388	5922	10027	3064	10777	13601	4429	10981	17464	4302
17433	16464	9064	11678	14839	4908	17707	12686	3255	2005	5664	5898	5472	1777	13737	19781	8524	15337	8069	8607	5808	5859	9766	12411	5990	14812	12279	5289	12068	6652	14067	19450	7086	6366	18981	7122	9456	11416	5679	16560	19943	9094	2578	3857	10840	11345	20246	17579	7038	17489	15746	6935	8466	20320	9836	7822	9242	5823	8136	12924	3823	10451	5847	17163	12732	3532	9264	11182	5990	5638	12064	1091	5059	7649	2360	20246	16211	7603	19135	17807	9296	25643	20341	9803	10645	17140	15439	6834	10842	21662	10512	7969	1090	14613	17191	8282	16235	7599	14449	8403	7561	11570	4052	13049	15039	5702	14877	21361	5673
20178	18974	10522	12564	17139	5682	19499	14194	3698	2276	5877	5650	4921	1769	16341	22790	10077	18664	9705	7664	5751	5193	7371	9997	4431	10335	8753	3828	11958	6274	16653	22203	8654	6844	21792	7620	9931	11556	6188	18505	22277	10907	2854	4511	11165	12834	22468	18531	7815	18460	16478	7436	9114	23249	11091	8843	10259	6300	8703	14100	4226	10515	5908	17849	13472	3798	9770	12133	7403	5524	12907	702	4844	7378	2427	23027	17980	8878	20341	18524	9856	25988	21955	10132	12570	19582	17438	7919	12675	24387	11560	7834	1056	16413	19363	9418	17946	8431	17414	9434	8329	13273	4612	14550	16021	6395	17035	22984	6482
14656	13272	7855	8515	11516	4000	13651	10026	2832	1388	4016	4473	3793	1473	13060	16692	8398	15242	8269	5497	4191	3832	4881	6605	2990	6133	5333	2473	9857	4501	12168	16192	6906	4201	11997	4777	6416	6170	3916	11300	13941	7221	1810	2745	8326	9475	13962	11784	5095	10214	8417	4374	4973	16107	7478	5366	5846	3943	5829	8663	2905	6783	3065	9463	6705	1931	5718	8389	4040	3453	7080	380	3581	5658	2021	16668	13389	5993	14465	12575	6750	17419	12351	6447	9209	14010	12214	6051	10055	15909	7859	4959	681	10462	13076	6243	11212	5701	11233	6562	6067	9143	3463	8313	9686	4059	12499	15460	4529
7957	7132	4093	4558	5866	2186	6809	5117	1447	838	2147	2614	2220	859	7033	9658	4447	8291	4291	2725	2143	2077	2471	3358	1567	3127	2722	1267	5390	2408	6288	8272	3552	1968	6389	2422	3373	3121	2109	5700	7392	3867	964	1389	4700	5054	7223	6742	2694	6243	5372	2723	2760	8866	3962	2731	3196	2104	3209	5412	1789	3348	1874	5592	3791	1030	2886	4063	2210	1834	3775	283	1995	3805	1146	8495	6507	3231	7442	6155	3754	9689	6557	3758	4605	6931	5564	3151	4973	8878	4676	3112	432	5423	7087	3468	5799	2764	5774	3360	3249	5117	1714	4019	5346	1938	6355	8046	2397
3928	3272	2191	2122	2817	1249	3257	2627	826	428	1131	1724	1538	506	3480	5500	2576	4211	2493	1392	1148	1166	1197	1686	887	1578	1413	639	3542	1601	3444	4021	1936	966	2882	1198	1996	1310	1107	2689	3817	1872	505	741	2861	2825	3806	3991	1622	3172	2553	1380	1387	4338	2295	1443	1509	1244	2011	3102	1032	1679	892	2599	1705	550	1462	1957	1069	1019	1862	286	1359	2711	670	4207	3371	1571	4143	3178	2012	5214	3071	1897	2156	3795	2717	1552	2482	4344	3025	1804	275	2754	3498	1972	2977	1516	2616	1838	1808	2549	931	1871	2947	1002	3238	4515	1191
1882	1678	1046	1074	1319	666	1554	1633	419	330	527	1371	1489	433	1678	3206	1187	1932	1271	632	479	588	519	783	419	687	690	291	2560	1155	1779	2037	881	467	1635	607	998	625	593	1321	1893	928	269	400	1952	1980	2267	2467	889	1916	1492	789	938	2449	1168	726	731	685	1669	2034	645	687	484	1599	1066	270	730	919	534	534	1007	294	938	2408	517	1951	1721	839	2194	1599	1051	2697	1618	984	926	1779	1171	822	1169	2343	2014	1427	234	1489	1969	1136	1468	794	1304	908	875	1160	500	967	1821	487	1558	2177	508
909	755	546	516	671	341	784	875	274	390	226	1451	1743	501	814	2380	592	1102	672	277	245	314	235	408	195	350	658	171	2587	1205	911	1100	476	262	818	383	487	260	322	643	971	460	135	316	1948	1478	1221	1747	498	918	719	439	507	1318	642	396	342	353	1408	1583	521	261	272	822	462	137	375	472	322	334	507	380	893	2617	608	919	811	432	1177	794	555	1307	741	504	451	915	643	449	659	1152	2207	1425	247	750	942	618	729	401	592	474	504	703	242	462	1137	270	755	1125	270
431	455	293	201	372	181	367	872	246	523	74	1851	2000	502	436	1842	326	471	342	149	120	150	84	221	91	156	621	94	2795	1283	441	612	218	123	449	154	212	106	151	299	477	267	84	337	2024	1570	657	1530	249	562	430	226	324	1086	393	223	153	199	1420	1590	523	93	187	466	296	100	160	310	256	177	378	510	1060	2775	654	433	428	204	602	380	335	690	356	306	222	457	288	238	413	587	2298	1808	278	422	435	301	397	191	342	230	247	435	148	255	1215	131	442	803	125
218	230	157	127	195	98	161	810	220	553	85	2407	2353	637	238	1618	155	254	187	76	0	100	0	167	50	65	537	67	3455	1785	235	289	114	84	229	115	62	56	89	148	276	118	52	289	2527	1691	339	1683	129	265	206	137	268	809	269	183	89	114	1547	1735	530	0	95	225	133	87	102	222	266	165	262	683	1188	2896	729	200	259	106	346	195	166	361	187	165	108	249	130	99	332	305	2530	2200	380	248	230	155	229	112	184	131	166	312	86	152	1161	77	358	711	52
137	152	83	70	106	56	97	909	231	478	62	2725	2759	757	134	1523	102	121	80	0	0	52	0	0	0	0	553	0	3605	2195	145	186	53	52	77	59	0	71	42	72	129	74	74	336	2783	1806	203	1599	78	168	123	73	236	664	177	172	70	64	1744	2015	509	0	66	149	80	86	82	201	204	128	242	706	1461	3362	864	92	139	52	208	85	107	190	122	94	59	173	78	54	425	171	2471	2485	430	204	147	90	117	65	105	63	85	307	51	98	1213	0	339	667	0
93	70	55	62	63	42	58	888	192	318	81	2682	2935	783	88	1369	50	76	60	0	0	0	0	0	0	0	404	0	3655	2435	86	88	0	0	0	42	0	0	0	0	82	48	57	272	2611	1730	101	1585	53	76	61	0	159	490	137	143	0	0	1737	1788	434	0	0	0	0	81	127	186	92	140	162	687	1440	3055	845	65	82	0	118	58	52	87	0	50	0	114	0	0	491	117	2609	2725	439	178	84	52	0	0	61	0	0	304	52	70	1034	0	358	692	0
64	0	0	0	0	0	0	890	157	197	74	2375	2926	683	0	901	0	0	0	0	0	0	0	0	0	0	302	0	3317	2103	0	68	0	0	0	0	0	0	0	0	69	0	55	200	2343	1535	77	1148	0	66	0	0	181	365	101	117	0	0	1454	1565	366	0	0	0	0	62	120	167	0	73	117	549	1348	2877	764	0	0	0	74	0	0	0	75	43	0	109	0	0	563	78	2054	2252	383	161	62	0	0	0	0	0	0	297	51	0	878	0	298	713	0
0	0	0	0	0	0	0	660	139	144	96	1875	2106	538	0	680	0	0	0	0	0	0	0	0	0	0	256	0	2265	1423	0	0	0	0	0	0	0	0	0	0	73	0	49	132	1909	1049	0	979	0	0	0	0	165	222	66	66	64	0	1017	1060	306	0	0	0	0	53	126	146	0	99	73	367	1039	2115	590	0	0	0	0	0	0	0	0	0	0	67	0	0	413	0	1774	1609	259	157	0	0	0	0	0	0	0	177	0	0	635	0	315	452	0
0	0	0	0	0	0	0	673	85	72	100	1290	1622	399	0	447	0	0	0	0	0	0	0	0	0	0	128	0	1510	1056	0	0	0	0	0	0	0	0	0	0	0	0	0	109	1283	665	0	694	0	0	0	0	114	159	49	0	0	0	628	647	162	0	0	0	0	0	0	190	0	81	0	249	803	1387	396	0	0	0	0	0	0	0	0	0	0	61	0	0	402	0	1283	1107	177	77	0	0	0	0	0	0	0	117	0	0	392	0	252	299	0
0	0	0	0	0	0	0	359	59	0	72	831	908	283	0	245	0	0	0	0	0	0	0	0	0	0	97	0	998	692	0	0	0	0	0	0	0	0	0	0	0	0	53	64	845	386	0	522	0	0	0	0	84	101	0	0	0	0	366	432	149	0	0	0	0	0	0	147	0	77	0	153	526	886	242	0	0	0	0	0	0	0	0	0	0	0	0	0	117	0	654	685	110	0	0	0	0	0	0	0	0	0	0	0	297	0	202	164	0
0	0	0	0	0	0	0	297	53	0	0	497	553	192	0	121	0	0	0	0	0	0	0	0	0	0	0	0	596	400	0	0	0	0	0	0	0	0	0	0	0	0	0	0	619	232	0	329	0	0	0	0	0	84	0	0	0	0	223	229	76	0	0	0	0	0	0	150	0	76	0	82	342	505	147	0	0	0	0	0	0	0	0	0	0	0	0	0	83	0	392	352	86	0	0	0	0	0	0	0	0	0	0	0	195	0	102	81	0
